15
189
41
75
145
21
26
112
17
40
183
188
227
196
250
242
201
94
187
94
13
98
250
94
160
249
121
103
8
19
226
174
45
171
112
72
156
68
38
69
243
196
88
98
129
102
152
236
197
112
147
146
231
49
79
211
59
88
100
167
101
186
163
111
41
185
96
24
104
188
242
50
227
160
112
195
165
227
148
92
0
219
99
194
154
245
128
12
76
55
250
61
255
165
34
18
21
79
78
36
179
61
1
150
221
214
50
255
88
80
195
97
243
96
230
221
109
117
248
194
82
163
247
190
83
213
200
189
82
50
200
230
227
139
120
36
20
179
84
32
123
86
221
56
58
245
23
122
235
38
105
202
29
106
146
84
229
60
104
221
122
55
207
166
35
233
5
181
192
31
203
141
57
242
44
208
165
47
241
229
106
115
62
231
173
148
144
84
140
255
104
106
224
34
217
187
109
138
33
124
50
115
45
28
200
208
232
32
58
9
186
149
248
34
186
82
101
118
172
4
249
26
200
144
72
172
115
214
196
70
197
123
243
206
138
190
224
156
97
103
37
158
0
214
125
43
20
81
171
254
209
192
135
224
31
172
54
151
48
230
156
98
72
136
18
144
238
94
147
175
38
2
133
85
99
192
218
219
132
111
174
86
84
110
117
75
254
242
249
132
126
232
245
121
234
232
21
141
85
19
203
41
169
72
149
67
41
146
76
94
50
164
62
106
150
77
28
248
40
164
31
176
137
251
164
110
62
215
89
134
237
216
140
200
246
208
19
175
103
190
33
206
243
170
255
127
10
215
195
60
144
16
199
211
196
65
125
162
7
17
73
192
18
252
78
87
239
101
176
57
54
212
176
150
156
182
232
67
59
146
222
148
130
194
164
45
15
171
173
160
78
218
208
9
185
246
112
45
157
27
54
125
222
90
111
5
189
85
52
205
18
48
182
50
52
18
153
254
103
173
184
144
226
52
74
66
249
43
198
178
114
140
226
20
202
66
137
161
7
76
217
192
87
90
151
245
43
97
38
61
247
155
64
54
54
201
139
189
216
30
243
229
56
44
226
223
127
92
243
91
128
90
15
2
65
60
255
16
190
19
254
5
25
96
189
143
163
164
223
43
98
249
206
29
165
19
124
28
44
240
169
32
79
86
23
199
63
39
122
143
112
58
97
195
11
10
208
49
4
216
96
198
29
215
206
29
133
102
42
84
21
239
44
231
98
212
217
242
79
183
194
98
52
231
125
47
54
185
49
163
133
217
166
198
11
122
22
16
147
136
110
56
52
218
247
140
235
214
188
166
223
254
154
17
139
150
162
174
238
216
28
41
243
253
12
50
237
221
135
216
234
134
67
248
42
200
46
58
203
111
180
175
41
222
20
205
184
196
217
143
88
58
233
215
44
85
27
21
35
111
178
13
14
30
68
7
70
132
123
166
49
93
162
52
248
134
107
18
179
43
216
234
206
76
18
128
160
57
142
13
160
71
162
199
5
128
127
84
157
208
252
7
111
74
167
4
33
70
142
141
38
98
76
51
219
53
178
121
119
12
251
248
82
131
193
189
221
103
51
189
184
71
63
43
172
234
167
252
194
182
192
5
253
141
33
7
46
150
121
105
111
125
119
15
245
154
194
36
38
105
11
233
175
47
9
66
6
187
232
103
65
136
11
18
212
17
93
165
239
88
82
166
43
129
214
168
173
49
85
101
168
79
5
116
49
182
99
26
34
153
53
110
63
103
12
110
20
204
3
175
185
157
53
176
175
174
95
48
71
222
44
6
174
152
172
229
223
220
116
138
100
150
241
215
187
210
194
125
252
103
26
129
4
136
94
104
212
107
167
48
75
201
199
153
242
100
85
240
184
246
149
166
94
16
43
63
21
18
135
190
50
105
28
145
172
9
111
50
125
23
54
180
130
170
124
54
241
64
133
239
39
154
53
214
91
64
109
252
222
119
168
7
0
34
93
75
228
180
68
119
106
90
244
91
36
255
30
147
213
214
189
131
26
3
81
117
254
52
52
245
243
142
68
179
91
93
119
114
30
118
76
235
232
76
246
252
42
20
232
86
208
254
48
74
9
178
158
159
252
177
86
202
133
145
14
0
54
103
91
118
42
153
165
251
143
45
64
249
252
36
181
120
196
57
46
139
107
94
133
104
150
184
176
41
23
137
235
4
24
246
190
52
134
118
146
186
123
102
235
230
230
153
95
45
160
246
199
253
177
77
73
177
109
190
57
255
57
7
30
203
218
65
50
157
72
184
41
88
117
175
